,Team,Total_BAPM,O_BAPM,D_BAPM
0,AR-Pine Bluff,-2.51,-3.29,0.78
1,Abilene Chrstn,0.85,-3.07,3.92
2,Air Force,-18.1,-10.7,-7.4
3,Akron,4.63,5.07,-0.44
4,Alabama,10.6,10.24,0.36
5,Alabama A&M,-10.27,-9.42,-0.85
6,Alabama St,3.79,-3.93,7.72
7,Alcorn St,0.84,1.92,-1.08
8,American,3.86,-2.07,5.93
9,App State,-2.92,-5.34,2.42
10,Arizona,10.68,13.11,-2.43
11,Arizona St,-6.57,0.55,-7.12
12,Arkansas,3.55,0.42,3.13
13,Arkansas St,6.54,4.39,2.15
14,Army,-10.36,-7.28,-3.08
15,Auburn,8.9,5.45,3.45
16,Austin Peay,-3.21,3.18,-6.39
17,BYU,12.45,11.07,1.38
18,Bakersfield,-0.4,0.73,-1.13
19,Ball State,-2.08,-0.07,-2.01
20,Baylor,-0.04,0.84,-0.88
21,Bellarmine,3.33,0.12,3.21
22,Belmont,1.08,-2.16,3.24
23,Bethune,-2.03,-1.89,-0.14
24,Binghamton,0.34,-2.36,2.7
25,Boise St,9.09,4.38,4.71
26,Boston College,-4.97,-2.48,-2.49
27,Boston U,-2.26,-2.08,-0.18
28,Bowling Green,-0.48,-5.51,5.03
29,Bradley,4.67,1.93,2.74
30,Brown,4.44,-0.94,5.38
31,Bryant,8.09,1.7,6.39
32,Bucknell,10.97,6.08,4.89
33,Buffalo,-12.17,-5.29,-6.88
34,Butler,-6.57,0.87,-7.44
35,C Arkansas,-3.06,-2.49,-0.57
36,C Connecticut,7.85,0.35,7.5
37,C Michigan,4.51,2.79,1.72
38,CA Baptist,-3.85,-7.82,3.97
39,CSU Northridge,4.41,2.28,2.13
40,Cal Poly,-0.56,0.58,-1.14
41,California,1.64,3.33,-1.69
42,Campbell,-4.1,-1.51,-2.59
43,Canisius,-6.42,-3.73,-2.69
44,Charleston,2.2,0.06,2.14
45,Charleston So,-13.25,-5.79,-7.46
46,Charlotte,-9.88,-3.4,-6.48
47,Chattanooga,6.43,8.3,-1.87
48,Chicago St,-10.4,-5.17,-5.23
49,Cincinnati,-0.75,-2.17,1.42
50,Clemson,6.18,0.51,5.67
51,Cleveland St,-0.08,-2.89,2.81
52,Coastal,0.8,3.1,-2.3
53,Colgate,4.11,2.22,1.89
54,Colorado,-1.98,-3.3,1.32
55,Colorado St,14.25,8.5,5.75
56,Columbia,-10.43,-3.86,-6.57
57,Coppin St,-6.51,-8.03,1.52
58,Cornell,5.46,6.16,-0.7
59,Creighton,4.69,3.44,1.25
60,Dartmouth,3.52,-3.83,7.35
61,Davidson,-2.07,-2.1,0.03
62,Dayton,3.19,2.9,0.29
63,DePaul,-8.91,-3.21,-5.7
64,Delaware,-2.97,4.1,-7.07
65,Delaware St,-0.1,3.05,-3.15
66,Denver,4.98,0.29,4.69
67,Detroit Mercy,-8.68,-1.14,-7.54
68,Drake,9.18,5.11,4.07
69,Drexel,3.57,0.72,2.85
70,Duke,30.6,19.54,11.06
71,Duquesne,-0.37,0.42,-0.79
72,E Illinois,1.59,-4.26,5.85
73,E Kentucky,1.7,1.85,-0.15
74,E Michigan,0.39,1.23,-0.84
75,E Texas A&M,-7.52,-5.23,-2.29
76,E Washington,-9.3,-2.99,-6.31
77,ETSU,3.18,1.12,2.06
78,East Carolina,-1.4,1.76,-3.16
79,Elon,-5.82,-1.1,-4.72
80,Evansville,-4.76,-3.92,-0.84
81,FAU,-4.24,-0.52,-3.72
82,FDU,2.53,-3.63,6.16
83,FGCU,0.72,2.05,-1.33
84,FIU,-4.78,-8.33,3.55
85,Fairfield,-3.92,-6.83,2.91
86,Florida,12.63,11.72,0.91
87,Florida A&M,7.39,9.44,-2.05
88,Florida St,-2.91,-1.52,-1.39
89,Fordham,-8.32,-1.87,-6.45
90,Fresno St,-7.24,-3.03,-4.21
91,Fullerton,-18.18,-14.13,-4.05
92,Furman,1.52,-0.87,2.39
93,G Washington,-5.11,-2.33,-2.78
94,GA Southern,-2.0,-3.93,1.93
95,Gardner-Webb,-3.66,-0.4,-3.26
96,George Mason,4.48,-1.25,5.73
97,Georgetown,-13.37,-4.64,-8.73
98,Georgia,-0.19,1.67,-1.86
99,Georgia St,4.78,5.9,-1.12
100,Georgia Tech,0.94,-3.19,4.13
101,Gonzaga,15.85,10.22,5.63
102,Grambling,6.25,-0.71,6.96
103,Grand Canyon,9.48,4.45,5.03
104,Green Bay,-2.51,-1.75,-0.76
105,Hampton,8.32,4.4,3.92
106,Harvard,3.36,2.17,1.19
107,Hawai'i,-7.08,-4.31,-2.77
108,High Point,12.25,8.09,4.16
109,Hofstra,-0.93,-6.0,5.07
110,Holy Cross,-8.3,-3.25,-5.05
111,Hou Christian,-5.25,-9.41,4.16
112,Houston,18.71,6.05,12.66
113,Howard,-4.47,-3.71,-0.76
114,IU Indy,0.87,7.15,-6.28
115,Idaho,-7.31,-3.22,-4.09
116,Idaho St,0.43,2.46,-2.03
117,Illinois,-2.65,3.49,-6.14
118,Illinois St,0.94,2.18,-1.24
119,Incarnate Word,0.06,0.18,-0.12
120,Indiana,10.13,7.37,2.76
121,Indiana St,0.29,2.04,-1.75
122,Iona,4.98,-1.48,6.46
123,Iowa,-4.62,4.12,-8.74
124,Iowa State,7.83,2.89,4.94
125,Jackson St,8.27,4.45,3.82
126,Jacksonville,-3.72,-1.34,-2.38
127,James Madison,-0.52,4.23,-4.75
128,Jax State,1.76,-2.16,3.92
129,Kansas,2.18,-1.9,4.08
130,Kansas City,-2.43,-5.72,3.29
131,Kansas St,-4.43,-7.78,3.35
132,Kennesaw St,-0.39,-0.03,-0.36
133,Kent State,5.45,5.46,-0.01
134,Kentucky,2.91,2.1,0.81
135,LMU,-3.25,-1.29,-1.96
136,LSU,-11.77,-7.14,-4.63
137,La Salle,-6.83,-4.71,-2.12
138,Lafayette,0.24,-2.35,2.59
139,Lamar,1.19,-5.08,6.27
140,Le Moyne,-4.91,-0.33,-4.58
141,Lehigh,-1.53,-0.65,-0.88
142,Liberty,5.06,1.79,3.27
143,Lipscomb,4.55,2.18,2.37
144,Little Rock,-1.3,0.14,-1.44
145,Long Beach St,-5.6,-3.89,-1.71
146,Long Island,8.85,1.9,6.95
147,Longwood,-0.56,-0.13,-0.43
148,Louisiana,-5.42,-8.02,2.6
149,Louisiana Tech,2.42,-1.09,3.51
150,Louisville,6.3,2.66,3.64
151,Loyola Chicago,3.2,0.37,2.83
152,Loyola MD,-4.36,-3.14,-1.22
153,MD Eastern,-7.01,-2.9,-4.11
154,MTSU,2.47,3.06,-0.59
155,Maine,-0.26,-1.37,1.11
156,Manhattan,3.16,4.21,-1.05
157,Marist,-4.54,-6.64,2.1
158,Marquette,3.84,1.43,2.41
159,Marshall,0.63,0.98,-0.35
160,Maryland,12.17,4.37,7.8
161,McNeese,13.95,4.76,9.19
162,Memphis,10.42,2.95,7.47
163,Mercer,-1.52,-4.55,3.03
164,Mercyhurst,0.24,2.4,-2.16
165,Merrimack,3.04,-2.42,5.46
166,Miami,-8.27,-1.16,-7.11
167,Miami OH,-1.01,-1.73,0.72
168,Michigan,2.59,-1.98,4.57
169,Michigan St,10.93,4.28,6.65
170,Milwaukee,5.09,4.45,0.64
171,Minnesota,-0.55,-1.86,1.31
172,Miss Valley St,-13.44,-9.93,-3.51
173,Mississippi St,-0.79,0.5,-1.29
174,Missouri,3.67,11.24,-7.57
175,Missouri St,-2.85,-4.79,1.94
176,Monmouth,-3.93,-0.76,-3.17
177,Montana,10.05,10.9,-0.85
178,Montana St,3.85,2.64,1.21
179,Morehead St,-3.42,-2.62,-0.8
180,Morgan St,0.97,1.34,-0.37
181,Mount St Marys,3.48,-2.21,5.69
182,Murray St,-1.09,-1.84,0.75
183,N Arizona,-3.2,-1.67,-1.53
184,N Colorado,10.82,7.78,3.04
185,N Dakota St,-0.1,3.39,-3.49
186,N Illinois,-8.22,-6.72,-1.5
187,N Kentucky,-0.7,2.83,-3.53
188,N'Western St,1.83,0.57,1.26
189,NC A&T,-5.51,-7.24,1.73
190,NC Central,-8.06,-2.5,-5.56
191,NC State,-7.79,-3.49,-4.3
192,NJIT,-9.15,-5.04,-4.11
193,Navy,3.81,2.23,1.58
194,Nebraska,-0.67,-1.31,0.64
195,Nevada,4.61,2.54,2.07
196,New Hampshire,-9.13,-8.89,-0.24
197,New Mexico,2.49,-0.37,2.86
198,New Mexico St,2.0,-3.68,5.68
199,New Orleans,-5.57,-1.87,-3.7
200,Niagara,-6.44,-1.5,-4.94
201,Nicholls,8.57,3.84,4.73
202,Norfolk St,8.98,7.19,1.79
203,North Alabama,9.46,7.71,1.75
204,North Carolina,10.9,7.34,3.56
205,North Dakota,-4.36,-0.78,-3.58
206,North Florida,-9.96,-5.63,-4.33
207,North Texas,6.99,1.63,5.36
208,Northeastern,1.49,-2.43,3.92
209,Northern Iowa,0.98,-1.89,2.87
210,Northwestern,3.73,-1.36,5.09
211,Notre Dame,-6.91,-0.79,-6.12
212,Oakland,2.35,3.28,-0.93
213,Ohio,3.02,4.27,-1.25
214,Ohio State,-6.12,1.01,-7.13
215,Oklahoma,8.24,10.81,-2.57
216,Oklahoma St,-2.16,-6.45,4.29
217,Old Dominion,-6.86,-4.6,-2.26
218,Ole Miss,-1.55,1.66,-3.21
219,Omaha,6.42,6.08,0.34
220,Oral Roberts,-6.1,-2.49,-3.61
221,Oregon,7.57,1.85,5.72
222,Oregon St,-0.64,5.62,-6.26
223,Pacific,-5.91,-2.62,-3.29
224,Penn,-6.73,0.55,-7.28
225,Penn State,6.23,3.03,3.2
226,Pepperdine,-0.06,5.72,-5.78
227,Pitt,0.32,-1.25,1.57
228,Portland,-0.44,1.82,-2.26
229,Portland St,-0.48,-4.3,3.82
230,Prairie View,-10.54,-6.74,-3.8
231,Presbyterian,0.4,1.92,-1.52
232,Princeton,-11.32,-7.66,-3.66
233,Providence,-8.03,-4.59,-3.44
234,Purdue,1.19,7.04,-5.85
235,Purdue FW,-5.81,-5.89,0.08
236,Quinnipiac,5.93,2.27,3.66
237,Radford,7.64,5.8,1.84
238,Rhode Island,-3.93,-0.74,-3.19
239,Rice,-2.02,0.37,-2.39
240,Richmond,-2.39,-4.8,2.41
241,Rider,4.19,6.99,-2.8
242,Robert Morris,5.15,4.91,0.24
243,Rutgers,-5.06,1.97,-7.03
244,S Dakota St,0.16,2.04,-1.88
245,S Illinois,-0.69,1.92,-2.61
246,SC State,11.98,6.62,5.36
247,SC Upstate,-11.47,-7.12,-4.35
248,SE Louisiana,1.83,4.04,-2.21
249,SE Missouri,3.31,-2.27,5.58
250,SF Austin,-9.0,-6.62,-2.38
251,SIUE,4.26,1.17,3.09
252,SMU,3.28,2.28,1.0
253,Sacramento St,-7.64,-3.43,-4.21
254,Sacred Heart,-1.32,-3.29,1.97
255,Saint Francis,-0.05,-2.36,2.31
256,Saint Joseph's,2.98,-0.45,3.43
257,Saint Louis,-0.46,-0.74,0.28
258,Saint Mary's,4.85,1.26,3.59
259,Saint Peter's,-2.89,-6.14,3.25
260,Sam Houston,1.78,2.29,-0.51
261,Samford,-3.12,1.01,-4.13
262,San Diego,-10.17,-4.08,-6.09
263,San Diego St,2.93,-2.85,5.78
264,San Francisco,0.97,1.08,-0.11
265,San José St,-5.34,-4.28,-1.06
266,Santa Barbara,-0.61,-0.31,-0.3
267,Santa Clara,6.94,5.3,1.64
268,Seattle U,2.4,-5.76,8.16
269,Seton Hall,-11.36,-9.92,-1.44
270,Siena,-0.9,3.11,-4.01
271,South Alabama,9.28,5.25,4.03
272,South Carolina,-1.41,2.04,-3.45
273,South Dakota,-5.04,-0.15,-4.89
274,South Florida,-1.02,-3.18,2.16
275,Southern,4.78,-2.16,6.94
276,Southern Miss,-11.72,-5.33,-6.39
277,Southern Utah,-11.15,-9.92,-1.23
278,St Bonaventure,2.16,-2.27,4.43
279,St John's,13.1,5.58,7.52
280,St Thomas (MN),2.94,3.78,-0.84
281,Stanford,-3.28,-3.67,0.39
282,Stetson,-5.25,-0.03,-5.22
283,Stonehill,-4.0,-0.27,-3.73
284,Stony Brook,-8.76,-3.12,-5.64
285,Syracuse,-1.76,2.83,-4.59
286,TCU,-3.21,-5.3,2.09
287,Tarleton St,3.02,-2.51,5.53
288,Temple,-4.31,2.73,-7.04
289,Tennessee,8.35,6.79,1.56
290,Tennessee St,2.32,0.23,2.09
291,Tennessee Tech,-7.96,-6.97,-0.99
292,Texas,-1.83,1.74,-3.57
293,Texas A&M,1.79,1.11,0.68
294,Texas A&M-CC,6.69,4.3,2.39
295,Texas Southern,6.58,-2.09,8.67
296,Texas St,4.57,4.17,0.4
297,Texas Tech,3.72,5.98,-2.26
298,The Citadel,-9.66,-5.43,-4.23
299,Toledo,-4.75,5.57,-10.32
300,Towson,7.18,5.74,1.44
301,Troy,7.51,0.39,7.12
302,Tulane,1.44,3.73,-2.29
303,Tulsa,-3.67,-1.14,-2.53
304,UAB,10.15,10.33,-0.18
305,UAlbany,0.71,2.17,-1.46
306,UC Davis,-6.99,-2.95,-4.04
307,UC Irvine,11.59,3.41,8.18
308,UC Riverside,-1.04,2.53,-3.57
309,UC San Diego,15.69,3.03,12.66
310,UCF,-3.2,0.94,-4.14
311,UCLA,3.03,0.96,2.07
312,UConn,7.33,7.31,0.02
313,UIC,-5.63,-6.11,0.48
314,UL Monroe,-7.43,-1.74,-5.69
315,UMBC,-3.89,3.59,-7.48
316,UMass,-9.48,-4.92,-4.56
317,UMass Lowell,2.17,5.45,-3.28
318,UNC Asheville,-2.18,1.32,-3.5
319,UNC Greensboro,1.71,-0.47,2.18
320,UNC Wilmington,9.55,7.51,2.04
321,UNLV,3.39,-0.43,3.82
322,USC,-1.61,0.86,-2.47
323,UT Arlington,-3.67,-1.47,-2.2
324,UT Martin,-2.92,-1.37,-1.55
325,UT Rio Grande,-4.52,-4.24,-0.28
326,UTEP,-3.59,-2.92,-0.67
327,UTSA,-2.01,-2.74,0.73
328,Unknown Team,-3.46,-1.48,-1.98
329,Utah,-4.96,-3.02,-1.94
330,Utah State,2.13,5.71,-3.58
331,Utah Tech,-9.08,-4.51,-4.57
332,Utah Valley,6.8,2.82,3.98
333,VCU,9.14,3.11,6.03
334,VMI,-9.19,-4.84,-4.35
335,Valparaiso,0.77,0.98,-0.21
336,Vanderbilt,-4.19,-0.97,-3.22
337,Vermont,5.97,0.57,5.4
338,Villanova,3.95,1.59,2.36
339,Virginia,-9.05,-2.72,-6.33
340,Virginia Tech,-8.75,-7.53,-1.22
341,W Carolina,-3.25,-1.04,-2.21
342,W Illinois,-2.04,-3.43,1.39
343,W Michigan,3.9,1.53,2.37
344,Wagner,-0.13,-5.48,5.35
345,Wake Forest,2.62,-0.3,2.92
346,Washington,-12.16,-4.19,-7.97
347,Washington St,-3.3,-0.71,-2.59
348,Weber St,-1.47,-2.77,1.3
349,West Georgia,-3.71,0.18,-3.89
350,West Virginia,-3.85,-6.53,2.68
351,Western KY,-8.95,-7.95,-1.0
352,Wichita St,-2.07,-1.84,-0.23
353,William & Mary,-3.73,-3.76,0.03
354,Winthrop,5.36,3.27,2.09
355,Wisconsin,8.0,4.7,3.3
356,Wofford,5.66,7.09,-1.43
357,Wright St,-1.4,4.7,-6.1
358,Wyoming,-9.04,-5.58,-3.46
359,Xavier,4.75,3.13,1.62
360,Yale,7.68,5.15,2.53
361,Youngstown St,1.24,0.19,1.05
