,Team,Total_BAPM,O_BAPM,D_BAPM
0,AR-Pine Bluff,-16.22,-5.87,-10.35
1,Abilene Chrstn,-12.87,-9.78,-3.09
2,Air Force,-26.93,-16.16,-10.77
3,Akron,14.96,9.05,5.91
4,Alabama,23.7,16.6,7.1
5,Alabama A&M,-10.66,-4.3,-6.36
6,Alabama St,-18.33,-13.15,-5.18
7,Alcorn St,-22.99,-12.23,-10.76
8,American,-8.72,-6.72,-2.0
9,App State,1.15,-2.49,3.64
10,Arizona,42.0,23.52,18.48
11,Arizona St,10.33,5.92,4.41
12,Arkansas,22.25,18.21,4.04
13,Arkansas St,0.3,1.39,-1.09
14,Army,-22.12,-14.4,-7.72
15,Auburn,15.01,11.64,3.37
16,Austin Peay,1.52,0.03,1.49
17,BYU,23.94,16.65,7.29
18,Bakersfield,-16.83,-6.77,-10.06
19,Ball State,-9.97,-10.24,0.27
20,Baylor,8.11,9.27,-1.16
21,Bellarmine,8.92,24.18,-15.26
22,Belmont,16.34,8.46,7.88
23,Bethune,-5.97,-1.72,-4.25
24,Binghamton,-18.8,-7.21,-11.59
25,Boise St,11.1,6.72,4.38
26,Boston College,0.89,-7.2,8.09
27,Boston U,-9.16,0.65,-9.81
28,Bowling Green,5.17,1.14,4.03
29,Bradley,1.03,1.11,-0.08
30,Brown,-12.38,-11.62,-0.76
31,Bryant,-24.11,-15.03,-9.08
32,Bucknell,-16.93,-11.31,-5.62
33,Buffalo,-0.28,4.08,-4.36
34,Butler,11.47,8.35,3.12
35,C Arkansas,-0.87,-5.83,4.96
36,C Connecticut,-10.22,-3.9,-6.32
37,C Michigan,-10.12,-1.72,-8.4
38,CA Baptist,6.61,1.21,5.4
39,CSU Northridge,-0.13,-2.59,2.46
40,Cal Poly,-5.37,0.4,-5.77
41,California,9.83,4.17,5.66
42,Campbell,-5.12,3.71,-8.83
43,Canisius,-19.61,-15.77,-3.84
44,Charleston,5.54,0.6,4.94
45,Charleston So,-14.01,-10.29,-3.72
46,Charlotte,-3.48,2.9,-6.38
47,Chattanooga,-9.63,-3.74,-5.89
48,Chicago St,-17.41,-10.65,-6.76
49,Cincinnati,13.73,-3.38,17.11
50,Clemson,21.04,8.45,12.59
51,Cleveland St,-20.88,-3.65,-17.23
52,Coastal,-5.07,-5.6,0.53
53,Colgate,0.29,4.02,-3.73
54,Colorado,11.42,11.94,-0.52
55,Colorado St,7.55,8.46,-0.91
56,Columbia,-1.67,-0.86,-0.81
57,Coppin St,-37.14,-21.87,-15.27
58,Cornell,-4.55,9.15,-13.7
59,Creighton,3.49,2.29,1.2
60,Dartmouth,-12.76,-9.2,-3.56
61,Davidson,6.41,1.69,4.72
62,Dayton,13.37,4.07,9.3
63,DePaul,5.49,-3.75,9.24
64,Delaware,-9.64,-7.17,-2.47
65,Delaware St,-30.08,-21.66,-8.42
66,Denver,-6.46,7.79,-14.25
67,Detroit Mercy,-3.48,-0.96,-2.52
68,Drake,2.62,3.8,-1.18
69,Drexel,-5.23,-7.69,2.46
70,Duke,40.65,18.63,22.02
71,Duquesne,-3.62,-0.8,-2.82
72,E Illinois,-11.22,-8.54,-2.68
73,E Kentucky,-17.08,-4.13,-12.95
74,E Michigan,-6.02,-6.2,0.18
75,E Texas A&M,-18.75,-15.67,-3.08
76,E Washington,-5.7,4.71,-10.41
77,ETSU,12.12,6.23,5.89
78,East Carolina,-4.29,-4.43,0.14
79,Elon,-2.33,2.83,-5.16
80,Evansville,-14.3,-10.03,-4.27
81,FAU,7.37,3.93,3.44
82,FDU,-17.1,-9.71,-7.39
83,FGCU,-6.59,-3.76,-2.83
84,FIU,3.34,1.0,2.34
85,Fairfield,-8.91,-3.92,-4.99
86,Florida,34.02,19.82,14.2
87,Florida A&M,-17.31,-14.23,-3.08
88,Florida St,10.74,3.86,6.88
89,Fordham,2.91,-2.32,5.23
90,Fresno St,2.48,-1.7,4.18
91,Fullerton,-2.15,-2.48,0.33
92,Furman,-0.71,-2.62,1.91
93,G Washington,11.91,9.03,2.88
94,GA Southern,-7.68,-0.56,-7.12
95,Gardner-Webb,-32.29,-15.79,-16.5
96,George Mason,14.22,7.8,6.42
97,Georgetown,15.75,9.28,6.47
98,Georgia,20.07,13.35,6.72
99,Georgia St,-12.52,-11.07,-1.45
100,Georgia Tech,5.87,-2.87,8.74
101,Gonzaga,40.94,19.61,21.33
102,Grambling,-10.38,-12.91,2.53
103,Grand Canyon,11.33,2.11,9.22
104,Green Bay,-3.81,5.11,-8.92
105,Hampton,-10.94,-6.24,-4.7
106,Harvard,0.36,-3.39,3.75
107,Hawai'i,5.13,-1.07,6.2
108,High Point,15.9,10.97,4.93
109,Hofstra,6.35,1.0,5.35
110,Holy Cross,-17.22,-6.22,-11.0
111,Hou Christian,-11.09,-6.49,-4.6
112,Houston,30.9,10.32,20.58
113,Howard,0.75,-4.51,5.26
114,IU Indy,-22.33,-6.46,-15.87
115,Idaho,-2.99,-4.68,1.69
116,Idaho St,-8.64,-0.08,-8.56
117,Illinois,31.02,18.18,12.84
118,Illinois St,9.8,1.89,7.91
119,Incarnate Word,-13.32,-3.06,-10.26
120,Indiana,14.61,9.14,5.47
121,Indiana St,-9.62,-6.37,-3.25
122,Iona,-7.22,-8.57,1.35
123,Iowa,22.79,16.7,6.09
124,Iowa State,33.63,14.67,18.96
125,Jackson St,-31.52,-17.27,-14.25
126,Jacksonville,-15.68,-6.17,-9.51
127,James Madison,-2.59,0.83,-3.42
128,Jax State,-0.56,-4.32,3.76
129,Kansas,24.98,10.0,14.98
130,Kansas City,-27.56,-19.65,-7.91
131,Kansas St,-0.26,-0.61,0.35
132,Kennesaw St,2.71,3.18,-0.47
133,Kent State,-3.22,-1.89,-1.33
134,Kentucky,23.53,12.21,11.32
135,LMU,-3.09,-5.95,2.86
136,LSU,11.77,12.45,-0.68
137,La Salle,-4.96,-3.94,-1.02
138,Lafayette,-10.07,-4.57,-5.5
139,Lamar,-7.07,-7.53,0.46
140,Le Moyne,-5.53,-4.26,-1.27
141,Lehigh,-15.13,-7.65,-7.48
142,Liberty,4.4,6.63,-2.23
143,Lipscomb,-4.47,-4.32,-0.15
144,Little Rock,-14.3,-6.61,-7.69
145,Long Beach St,-16.21,-7.58,-8.63
146,Long Island,-1.74,-0.0,-1.74
147,Longwood,-1.37,-0.07,-1.3
148,Louisiana,-16.17,-13.06,-3.11
149,Louisiana Tech,1.92,-5.81,7.73
150,Louisville,23.0,10.9,12.1
151,Loyola Chicago,-11.73,-8.44,-3.29
152,Loyola MD,-18.45,-9.21,-9.24
153,MD Eastern,-19.69,-16.08,-3.61
154,MTSU,-4.12,-0.9,-3.22
155,Maine,-19.17,-17.87,-1.3
156,Manhattan,-13.03,-2.66,-10.37
157,Marist,5.81,-4.25,10.06
158,Marquette,4.16,-3.54,7.7
159,Marshall,-0.41,5.56,-5.97
160,Maryland,-1.21,-4.1,2.89
161,McNeese,20.41,10.99,9.42
162,Memphis,9.78,0.28,9.5
163,Mercer,1.06,5.87,-4.81
164,Mercyhurst,-3.86,-4.17,0.31
165,Merrimack,-3.17,-3.31,0.14
166,Miami,21.6,13.61,7.99
167,Miami OH,9.64,7.98,1.66
168,Michigan,44.84,22.79,22.05
169,Michigan St,32.65,15.08,17.57
170,Milwaukee,-11.97,-3.19,-8.78
171,Minnesota,8.58,0.59,7.99
172,Miss Valley St,-35.63,-20.51,-15.12
173,Mississippi St,-0.06,0.9,-0.96
174,Missouri,22.26,11.47,10.79
175,Missouri St,-2.0,2.4,-4.4
176,Monmouth,1.84,-1.66,3.5
177,Montana,-9.11,-7.09,-2.02
178,Montana St,0.4,0.55,-0.15
179,Morehead St,-2.07,2.14,-4.21
180,Morgan St,-23.16,-10.09,-13.07
181,Mount St Marys,-5.66,-11.57,5.91
182,Murray St,0.28,7.32,-7.04
183,N Arizona,-16.31,-4.38,-11.93
184,N Colorado,-3.45,2.36,-5.81
185,N Dakota St,6.94,0.84,6.1
186,N Illinois,-22.62,-14.74,-7.88
187,N Kentucky,-3.38,-1.8,-1.58
188,N'Western St,-9.42,-3.74,-5.68
189,NC A&T,-5.38,-1.15,-4.23
190,NC Central,-19.75,-8.92,-10.83
191,NC State,17.73,12.64,5.09
192,NJIT,-17.56,-16.16,-1.4
193,Navy,11.68,3.5,8.18
194,Nebraska,24.13,4.95,19.18
195,Nevada,15.43,9.42,6.01
196,New Hampshire,-21.89,-13.46,-8.43
197,New Haven,-12.56,-10.06,-2.5
198,New Mexico,20.31,9.11,11.2
199,New Mexico St,-1.92,-1.08,-0.84
200,New Orleans,-3.14,0.3,-3.44
201,Niagara,-17.92,-10.21,-7.71
202,Nicholls,-36.63,-29.04,-7.59
203,Norfolk St,-6.83,-2.31,-4.52
204,North Alabama,-14.93,-6.39,-8.54
205,North Carolina,24.13,11.07,13.06
206,North Dakota,-13.2,-5.21,-7.99
207,North Florida,-25.61,-9.14,-16.47
208,North Texas,5.97,-4.93,10.9
209,Northeastern,-13.88,-1.12,-12.76
210,Northern Iowa,13.15,0.38,12.77
211,Northwestern,14.59,10.53,4.06
212,Notre Dame,8.39,4.48,3.91
213,Oakland,3.88,7.9,-4.02
214,Ohio,-5.67,0.31,-5.98
215,Ohio State,18.56,14.58,3.98
216,Oklahoma,15.86,12.89,2.97
217,Oklahoma St,13.78,9.05,4.73
218,Old Dominion,-10.11,-3.29,-6.82
219,Ole Miss,17.02,6.83,10.19
220,Omaha,-6.22,-2.86,-3.36
221,Oral Roberts,-15.97,-9.88,-6.09
222,Oregon,-0.35,-1.04,0.69
223,Oregon St,-3.64,-0.84,-2.8
224,Pacific,7.39,2.43,4.96
225,Penn,1.12,-0.63,1.75
226,Penn State,-0.2,4.26,-4.46
227,Pepperdine,-12.42,-7.58,-4.84
228,Pitt,3.55,1.32,2.23
229,Portland,0.89,-1.48,2.37
230,Portland St,1.71,-5.14,6.85
231,Prairie View,-11.95,-4.32,-7.63
232,Presbyterian,-5.1,-1.92,-3.18
233,Princeton,-12.6,-6.76,-5.84
234,Providence,9.28,10.22,-0.94
235,Purdue,27.26,18.73,8.53
236,Purdue FW,-9.03,-6.7,-2.33
237,Quinnipiac,0.65,-1.49,2.14
238,Radford,-7.53,-3.98,-3.55
239,Rhode Island,3.35,-3.6,6.95
240,Rice,-10.21,-5.81,-4.4
241,Richmond,7.72,4.56,3.16
242,Rider,-21.02,-10.7,-10.32
243,Robert Morris,10.56,14.19,-3.63
244,Rutgers,1.18,-1.3,2.48
245,S Dakota St,-3.63,-1.9,-1.73
246,S Illinois,11.2,0.53,10.67
247,SC State,-32.06,-19.43,-12.63
248,SC Upstate,-8.95,-9.08,0.13
249,SE Louisiana,-13.8,-11.5,-2.3
250,SE Missouri,-4.84,-1.44,-3.4
251,SF Austin,5.24,1.36,3.88
252,SIUE,-9.93,-11.84,1.91
253,SMU,17.27,12.28,4.99
254,Sacramento St,-7.97,-2.72,-5.25
255,Sacred Heart,-14.34,-6.79,-7.55
256,Saint Francis,-24.61,-10.63,-13.98
257,Saint Joseph's,-0.27,-4.18,3.91
258,Saint Louis,24.12,12.72,11.4
259,Saint Mary's,23.6,10.59,13.01
260,Saint Peter's,-5.65,-2.87,-2.78
261,Sam Houston,3.24,1.93,1.31
262,Samford,-7.6,-1.55,-6.05
263,San Diego,-7.15,-0.65,-6.5
264,San Diego St,28.28,10.31,17.97
265,San Francisco,2.12,1.18,0.94
266,San José St,-0.8,11.58,-12.38
267,Santa Barbara,3.22,5.41,-2.19
268,Santa Clara,13.8,10.25,3.55
269,Seattle U,3.77,-6.97,10.74
270,Seton Hall,18.26,4.61,13.65
271,Siena,10.58,7.56,3.02
272,South Alabama,11.17,2.05,9.12
273,South Carolina,4.02,2.99,1.03
274,South Dakota,-16.54,-1.41,-15.13
275,South Florida,17.67,8.39,9.28
276,Southern,-11.24,-4.97,-6.27
277,Southern Miss,0.48,0.41,0.07
278,Southern Utah,-16.9,-4.79,-12.11
279,St Bonaventure,4.92,6.13,-1.21
280,St John's,25.64,10.56,15.08
281,St Thomas (MN),7.47,5.52,1.95
282,Stanford,4.22,4.85,-0.63
283,Stetson,-20.09,-7.14,-12.95
284,Stonehill,-17.52,-18.13,0.61
285,Stony Brook,8.55,6.12,2.43
286,Syracuse,7.33,3.16,4.17
287,TCU,16.32,5.91,10.41
288,Tarleton St,-4.2,-2.7,-1.5
289,Temple,2.63,6.19,-3.56
290,Tennessee,34.4,15.46,18.94
291,Tennessee St,-0.99,-0.27,-0.72
292,Tennessee Tech,-13.37,-5.77,-7.6
293,Texas,18.04,17.61,0.43
294,Texas A&M,17.63,10.46,7.17
295,Texas A&M-CC,-4.3,-6.38,2.08
296,Texas Southern,-15.48,-7.63,-7.85
297,Texas St,1.31,0.63,0.68
298,Texas Tech,16.2,11.78,4.42
299,The Citadel,-25.21,-11.56,-13.65
300,Toledo,3.74,6.48,-2.74
301,Towson,0.26,-2.45,2.71
302,Troy,1.81,1.26,0.55
303,Tulane,-0.15,-2.49,2.34
304,Tulsa,15.56,10.76,4.8
305,UAB,12.25,7.22,5.03
306,UAlbany,-13.92,-7.61,-6.31
307,UC Davis,-2.84,-2.91,0.07
308,UC Irvine,11.14,-3.15,14.29
309,UC Riverside,-12.06,-4.34,-7.72
310,UC San Diego,5.63,-2.58,8.21
311,UCF,10.56,10.05,0.51
312,UCLA,24.7,16.03,8.67
313,UConn,28.13,12.11,16.02
314,UIC,9.87,4.49,5.38
315,UL Monroe,-19.73,-8.8,-10.93
316,UMBC,5.19,3.84,1.35
317,UMass,-3.75,1.33,-5.08
318,UMass Lowell,-12.91,-4.86,-8.05
319,UNC Asheville,-5.16,-2.34,-2.82
320,UNC Greensboro,-9.16,-3.25,-5.91
321,UNC Wilmington,9.19,4.03,5.16
322,UNLV,4.99,7.47,-2.48
323,USC,11.88,7.96,3.92
324,UT Arlington,7.87,0.96,6.91
325,UT Martin,-7.48,-13.65,6.17
326,UT Rio Grande,4.29,-0.11,4.4
327,UTEP,-12.33,-10.2,-2.13
328,UTSA,-21.2,-14.14,-7.06
329,Unknown Team,1.12,0.24,0.88
330,Utah,-1.8,3.5,-5.3
331,Utah State,23.82,14.89,8.93
332,Utah Tech,-3.4,2.07,-5.47
333,Utah Valley,12.28,6.2,6.08
334,VCU,17.96,10.7,7.26
335,VMI,-25.71,-13.62,-12.09
336,Valparaiso,-1.51,-1.61,0.1
337,Vanderbilt,27.2,19.23,7.97
338,Vermont,0.16,0.03,0.13
339,Villanova,10.92,5.52,5.4
340,Virginia,23.15,10.5,12.65
341,Virginia Tech,13.74,9.17,4.57
342,W Carolina,-6.92,-1.17,-5.75
343,W Illinois,-27.49,-14.3,-13.19
344,W Michigan,-8.96,-4.21,-4.75
345,Wagner,-12.84,-4.85,-7.99
346,Wake Forest,13.37,6.31,7.06
347,Washington,13.16,9.63,3.53
348,Washington St,-1.15,1.19,-2.34
349,Weber St,-1.58,5.23,-6.81
350,West Georgia,-7.64,-0.82,-6.82
351,West Virginia,10.82,0.09,10.73
352,Western KY,-0.29,-2.09,1.8
353,Wichita St,12.11,3.85,8.26
354,William & Mary,3.51,2.23,1.28
355,Winthrop,0.58,0.75,-0.17
356,Wisconsin,18.06,9.79,8.27
357,Wofford,-7.49,1.04,-8.53
358,Wright St,4.78,6.55,-1.77
359,Wyoming,4.08,3.74,0.34
360,Xavier,2.29,2.8,-0.51
361,Yale,12.35,10.96,1.39
362,Youngstown St,-7.19,-3.11,-4.08
